775590 131477 44.22
299205 175175 89.54
514535 229033 96.61
280585 10766 119.81
435884 235924 122.88
610277 317 131.60
533371 385145 143.56
617813 261207 159.03
941064 127579 165.16
106735 167285 168.44
778802 61404 169.58
290139 390501 170.83
130290 195269 173.01
516726 293010 192.00
458292 388486 203.83
672890 133009 204.81
125219 323734 206.73
410506 381155 210.64
528689 87053 216.03
884207 363598 216.95
288899 28958 223.67
211704 128740 227.21
277691 208257 228.22
867319 388640 239.80
257643 264844 244.67
622854 154564 248.23
897365 112850 249.33
301095 72310 261.22
620978 342317 264.90
418413 397536 269.63
346802 142908 270.23
278070 152588 284.68
402007 398556 287.63
399321 9871 289.87
961591 206070 292.47
63704 361281 292.83
281264 363563 298.23
93709 61673 299.60
330147 385228 305.03
209438 224462 305.23
754810 108424 308.16
453863 181234 312.52
789670 365403 314.44
149113 196924 315.05
635195 193930 317.16
19436 364732 320.80
947551 8199 323.13
997466 388579 323.52
536261 266070 323.87
277129 249115 325.16
717605 350240 326.50
500505 73034 326.70
897736 364058 327.81
637136 394571 327.96
868330 9661 328.62
704396 59725 328.79
390112 246267 332.62
479490 188596 334.69
614042 149118 340.72
941506 231352 341.28
373677 7791 341.90
26604 131167 342.43
984806 2214 343.57
823762 323669 346.75
744628 61573 348.12
82904 56741 348.14
554385 379150 348.68
994348 296347 350.76
782698 3549 356.55
806489 299675 356.64
466142 240706 357.38
571601 222660 358.32
856683 30890 359.19
374602 186259 359.36
135346 165319 362.19
186097 44968 364.82
674430 100045 365.39
268151 379462 366.46
900331 45724 367.24
86211 133990 367.75
480885 114927 368.23
715613 23911 369.83
760533 344877 370.79
381445 208571 372.31
991543 387636 373.43
72134 189748 377.33
622488 159148 382.19
498383 151513 382.42
664021 77738 386.44
146482 92455 386.49
103948 95562 386.95
570131 188756 388.00
92419 165332 388.63
2650 246504 389.07
911950 33686 389.94
821728 21764 392.46
854226 277145 393.13
715993 145106 394.53
722750 263904 394.85
662214 224158 395.30
