131477 775590 44.22
175175 299205 89.54
229033 514535 96.61
10766 280585 119.81
235924 435884 122.88
317 610277 131.60
385145 533371 143.56
261207 617813 159.03
127579 941064 165.16
167285 106735 168.44
61404 778802 169.58
390501 290139 170.83
195269 130290 173.01
293010 516726 192.00
388486 458292 203.83
133009 672890 204.81
323734 125219 206.73
381155 410506 210.64
87053 528689 216.03
363598 884207 216.95
28958 288899 223.67
128740 211704 227.21
208257 277691 228.22
388640 867319 239.80
264844 257643 244.67
154564 622854 248.23
112850 897365 249.33
72310 301095 261.22
342317 620978 264.90
397536 418413 269.63
142908 346802 270.23
152588 278070 284.68
398556 402007 287.63
9871 399321 289.87
206070 961591 292.47
361281 63704 292.83
363563 281264 298.23
61673 93709 299.60
385228 330147 305.03
224462 209438 305.23
108424 754810 308.16
181234 453863 312.52
365403 789670 314.44
196924 149113 315.05
193930 635195 317.16
364732 19436 320.80
8199 947551 323.13
388579 997466 323.52
266070 536261 323.87
249115 277129 325.16
350240 717605 326.50
73034 500505 326.70
364058 897736 327.81
394571 637136 327.96
9661 868330 328.62
59725 704396 328.79
246267 390112 332.62
188596 479490 334.69
149118 614042 340.72
231352 941506 341.28
7791 373677 341.90
131167 26604 342.43
2214 984806 343.57
323669 823762 346.75
61573 744628 348.12
56741 82904 348.14
379150 554385 348.68
296347 994348 350.76
3549 782698 356.55
299675 806489 356.64
240706 466142 357.38
222660 571601 358.32
30890 856683 359.19
186259 374602 359.36
165319 135346 362.19
44968 186097 364.82
100045 674430 365.39
379462 268151 366.46
45724 900331 367.24
133990 86211 367.75
114927 480885 368.23
23911 715613 369.83
344877 760533 370.79
208571 381445 372.31
387636 991543 373.43
189748 72134 377.33
159148 622488 382.19
151513 498383 382.42
77738 664021 386.44
92455 146482 386.49
95562 103948 386.95
188756 570131 388.00
165332 92419 388.63
246504 2650 389.07
33686 911950 389.94
21764 821728 392.46
277145 854226 393.13
145106 715993 394.53
263904 722750 394.85
224158 662214 395.30
